0.843137 0.       0.      
0.007843 0.533333 0.      
0.713725 0.       1.      
0.023529 0.67451  0.776471
0.596078 1.       0.      
1.       0.647059 0.188235
1.       0.560784 0.784314
0.47451  0.321569 0.372549
0.       0.996078 0.811765
0.690196 0.647059 1.      
0.580392 0.678431 0.517647
0.603922 0.411765 0.      
0.215686 0.415686 0.384314
0.827451 0.       0.54902 
0.996078 0.960784 0.564706
0.784314 0.435294 0.4     
0.619608 0.890196 1.      
0.       0.788235 0.27451 
0.662745 0.466667 0.678431
0.721569 0.733333 0.007843
0.956863 0.752941 0.694118
1.       0.156863 0.992157
0.952941 0.807843 1.      
0.       0.623529 0.490196
1.       0.384314 0.      
0.337255 0.396078 0.168627
0.588235 0.247059 0.121569
0.568627 0.192157 0.560784
1.       0.203922 0.396078
0.627451 0.894118 0.572549
0.552941 0.607843 0.698039
0.509804 0.568627 0.14902 
0.682353 0.035294 0.247059
0.470588 0.780392 0.733333
0.737255 0.572549 0.345098
0.898039 0.560784 1.      
0.447059 0.72549  1.      
0.776471 0.647059 0.756863
1.       0.568627 0.443137
0.827451 0.764706 0.490196
0.741176 0.933333 0.858824
0.419608 0.521569 0.407843
0.572549 0.431373 0.337255
0.976471 1.       0.      
0.729412 0.760784 0.878431
0.678431 0.341176 0.490196
1.       0.807843 0.011765
1.       0.290196 0.694118
0.760784 0.341176 0.011765
0.364706 0.54902  0.564706
0.760784 0.266667 0.741176
0.       0.458824 0.25098 
0.729412 0.435294 0.996078
0.       0.831373 0.580392
0.       1.       0.462745
0.286275 0.635294 0.317647
0.8      0.596078 0.568627
0.       0.921569 0.933333
0.858824 0.494118 0.003922
0.972549 0.458824 0.541176
0.72549  0.588235 0.      
0.788235 0.258824 0.282353
0.       0.815686 0.980392
0.462745 0.345098 0.152941
0.521569 0.831373 0.003922
0.92549  1.       0.831373
0.654902 0.482353 0.533333
0.862745 0.447059 0.788235
0.796078 0.890196 0.341176
0.545098 0.74902  0.368627
0.631373 0.129412 0.419608
0.52549  0.356863 0.537255
0.541176 0.733333 0.815686
1.       0.729412 0.843137
0.717647 0.811765 0.670588
0.592157 0.254902 0.305882
0.407843 0.670588 0.      
0.996078 0.882353 0.698039
1.       0.215686 0.160784
0.501961 0.478431 0.243137
0.843137 0.909804 1.      
0.654902 0.584314 0.776471
0.494118 0.647059 0.607843
0.819608 0.513725 0.643137
0.329412 0.509804 0.231373
0.901961 0.662745 0.45098 
0.611765 1.       1.      
0.854902 0.333333 0.505882
0.019608 0.705882 0.666667
1.       0.670588 0.964706
0.819608 0.686275 0.937255
0.854902 0.007843 0.368627
0.67451  0.105882 0.07451 
0.376471 0.701961 0.521569
0.835294 0.258824 0.992157
0.678431 0.670588 0.34902 
0.984314 0.615686 0.654902
0.701961 0.447059 0.235294
0.94902  0.415686 0.32549 
0.682353 0.823529 0.835294
0.607843 1.       0.768627
0.858824 0.701961 0.2     
0.92549  0.007843 0.764706
0.6      0.       0.772549
0.815686 1.       0.619608
0.65098  0.352941 0.290196
0.235294 0.427451 0.003922
0.       0.521569 0.478431
0.584314 0.572549 0.403922
0.541176 0.862745 0.701961
0.427451 0.454902 0.      
0.666667 0.368627 0.792157
0.027451 0.941176 0.      
0.505882 0.309804 0.243137
0.85098  0.505882 0.321569
1.       0.784314 0.388235
0.721569 0.       0.623529
0.6      0.67451  0.870588
0.568627 0.309804 0.      
0.54902  0.270588 0.439216
0.309804 0.431373 0.321569
1.       0.533333 0.203922
0.780392 0.560784 0.807843
0.835294 0.886275 0.619608
0.698039 0.509804 0.427451
0.615686 0.984314 0.458824
0.341176 0.870588 0.466667
0.980392 0.       0.529412
0.635294 0.803922 1.      
0.078431 0.796078 0.823529
0.066667 0.560784 0.333333
0.823529 0.329412 0.647059
0.       0.87451  0.764706
0.639216 0.517647 0.184314
0.466667 0.592157 0.356863
0.733333 0.670588 0.501961
0.439216 0.639216 0.690196
0.839216 0.984314 1.      
0.909804 0.007843 0.227451
0.847059 0.278431 0.133333
1.       0.513725 0.929412
0.717647 0.219608 0.388235
0.717647 0.807843 0.447059
0.596078 0.384314 0.419608
0.541176 0.454902 0.568627
0.       0.639216 0.090196
0.       0.960784 0.631373
0.752941 0.568627 0.94902 
0.541176 0.894118 0.847059
0.643137 0.305882 0.584314
0.431373 0.368627 0.      
0.54902  0.776471 0.556863
0.584314 0.666667 0.168627
0.780392 0.45098  0.866667
0.705882 0.231373 0.003922
0.843137 0.603922 0.215686
0.87451  0.678431 0.717647
0.       0.607843 0.627451
0.352941 0.564706 0.      
0.592157 0.737255 0.658824
0.678431 0.552941 0.658824
0.854902 0.835294 1.      
0.333333 0.490196 0.447059
0.       0.733333 0.411765
1.       0.768627 0.556863
0.72549  0.       0.831373
0.878431 0.815686 0.356863
0.388235 0.603922 0.482353
0.752941 0.933333 0.737255
0.760784 0.745098 0.996078
0.501961 0.827451 0.870588
0.886275 0.521569 0.494118
0.980392 0.921569 0.305882
0.752941 0.427451 0.513725
0.796078 1.       0.313725
0.941176 0.447059 0.666667
0.929412 0.407843 1.      
0.6      0.278431 0.682353
0.427451 0.411765 0.262745
0.890196 0.341176 0.380392
0.866667 0.4      0.176471
0.615686 0.858824 0.364706
0.886275 0.615686 0.815686
0.72549  0.462745 0.      
0.776471 0.       0.176471
0.87451  0.741176 0.854902
0.352941 0.713725 0.87451 
1.       0.352941 0.854902
0.219608 0.760784 0.631373
0.619608 0.415686 0.54902 
0.678431 0.666667 0.784314
0.588235 0.388235 0.188235
0.713725 0.337255 0.384314
0.172549 0.498039 0.376471
0.698039 0.894118 0.      
0.933333 0.647059 0.568627
0.584314 0.996078 0.886275
1.       0.333333 0.556863
0.745098 0.435294 0.631373
0.666667 0.235294 0.215686
0.85098  0.811765 0.      
0.670588 0.501961 0.807843
0.627451 0.501961 0.321569
0.882353 0.       0.909804
0.764706 0.360784 0.243137
0.709804 0.227451 0.521569
0.54902  0.470588 0.      
0.858824 0.737255 0.588235
0.321569 0.619608 0.576471
0.690196 0.741176 0.513725
0.572549 0.713725 0.717647
0.654902 0.329412 0.141176
1.       0.835294 0.937255
0.47451  0.682353 0.419608
0.368627 0.709804 0.298039
0.501961 0.984314 0.607843
0.282353 1.       0.937255
0.596078 0.588235 0.282353
0.580392 0.533333 0.654902
0.196078 0.835294 0.      
0.431373 0.917647 0.337255
0.717647 0.831373 0.921569
0.439216 0.333333 0.439216
0.94902  0.858824 0.545098
0.670588 0.835294 0.760784
0.498039 0.803922 0.94902 
0.541176 0.733333 0.      
0.396078 0.717647 0.733333
1.       0.713725 0.      
0.764706 0.509804 0.52549 
0.796078 0.670588 0.372549
0.396078 0.470588 0.282353
0.34902  0.890196 1.      
0.87451  0.305882 0.803922
0.917647 1.       0.47451 
0.741176 0.4      0.72549 
0.768627 0.584314 0.65098 
0.392157 0.776471 0.454902
0.819608 0.584314 0.439216
0.439216 0.811765 0.309804
0.670588 0.431373 0.4     
0.615686 0.380392 0.647059
0.       0.721569 0.      
0.890196 0.6      0.705882
0.741176 0.       0.423529
0.701961 0.913725 0.941176
0.807843 0.74902  0.894118
0.466667 0.639216 0.262745
0.521569 0.384314 0.470588
0.341176 0.560784 0.360784
0.619608 0.690196 0.772549
0.909804 0.188235 0.627451
0.145098 0.486275 0.164706
0.509804 0.407843 0.137255
0.752941 0.737255 0.305882
0.866667 0.827451 0.647059
